3000000000
3000000001
3000000002
3000000003
3000000004
3000000005
3000000006
3000000007
3000000008
3000000009
3000000010
3000000011
3000000012
3000000013
3000000014
3000000015
3000000016
3000000017
3000000018
3000000019
3000000020
3000000021
3000000022
3000000023
3000000024
3000000025
3000000026
3000000027
3000000028
3000000029
3000000030
3000000031
3000000032
3000000033
3000000034
3000000035
3000000036
3000000037
3000000038
3000000039
3000000040
3000000041
3000000042
3000000043
3000000044
3000000045
3000000046
3000000047
3000000048
3000000049
3000000050
3000000051
3000000052
3000000053
3000000054
3000000055
3000000056
3000000057
3000000058
3000000059
3000000060
3000000061
3000000062
3000000063
3000000064
3000000065
3000000066
3000000067
3000000068
3000000069
3000000070
3000000071
3000000072
3000000073
3000000074
3000000075
3000000076
3000000077
3000000078
3000000079
3000000080
3000000081
3000000082
3000000083
3000000084
3000000085
3000000086
3000000087
3000000088
3000000089
3000000090
3000000091
3000000092
3000000093
3000000094
3000000095
3000000096
3000000097
3000000098
3000000099
3000000100
3000000101
3000000102
3000000103
3000000104
3000000105
3000000106
3000000107
3000000108
3000000109
3000000110
3000000111
3000000112
3000000113
3000000114
3000000115
3000000116
3000000117
3000000118
3000000119
3000000120
3000000121
3000000122
3000000123
3000000124
3000000125
3000000126
3000000127
3000000128
3000000129
3000000130
3000000131
3000000132
3000000133
3000000134
3000000135
3000000136
3000000137
3000000138
3000000139
3000000140
3000000141
3000000142
3000000143
3000000144
3000000145
3000000146
3000000147
3000000148
3000000149
3000000150
3000000151
3000000152
3000000153
3000000154
3000000155
3000000156
3000000157
3000000158
3000000159
3000000160
3000000161
3000000162
3000000163
3000000164
3000000165
3000000166
3000000167
3000000168
3000000169
3000000170
3000000171
3000000172
3000000173
3000000174
3000000175
3000000176
3000000177
3000000178
3000000179
3000000180
3000000181
3000000182
3000000183
3000000184
3000000185
3000000186
3000000187
3000000188
3000000189
3000000190
3000000191
3000000192
3000000193
3000000194
3000000195
3000000196
3000000197
3000000198
3000000199
3000000200
3000000201
3000000202
3000000203
3000000204
3000000205
3000000206
3000000207
3000000208
3000000209
3000000210
3000000211
3000000212
3000000213
3000000214
3000000215
3000000216
3000000217
3000000218
3000000219
3000000220
3000000221
3000000222
3000000223
3000000224
3000000225
3000000226
3000000227
3000000228
3000000229
3000000230
3000000231
3000000232
3000000233
3000000234
3000000235
3000000236
3000000237
3000000238
3000000239
3000000240
3000000241
3000000242
3000000243
3000000244
3000000245
3000000246
3000000247
3000000248
3000000249
3000000250
3000000251
3000000252
3000000253
3000000254
3000000255
3000000256
3000000257
3000000258
3000000259
3000000260
3000000261
3000000262
3000000263
3000000264
3000000265
3000000266
3000000267
3000000268
3000000269
3000000270
3000000271
3000000272
3000000273
3000000274
3000000275
3000000276
3000000277
3000000278
3000000279
3000000280
3000000281
3000000282
3000000283
3000000284
3000000285
3000000286
3000000287
3000000288
3000000289
3000000290
3000000291
3000000292
3000000293
3000000294
3000000295
3000000296
3000000297
3000000298
3000000299
3000000300
3000000301
3000000302
3000000303
3000000304
3000000305
3000000306
3000000307
3000000308
3000000309
3000000310
3000000311
3000000312
3000000313
3000000314
3000000315
3000000316
3000000317
3000000318
3000000319
3000000320
3000000321
3000000322
3000000323
3000000324
3000000325
3000000326
3000000327
3000000328
3000000329
3000000330
3000000331
3000000332
3000000333
3000000334
3000000335
3000000336
3000000337
3000000338
3000000339
3000000340
3000000341
3000000342
3000000343
3000000344
3000000345
3000000346
3000000347
3000000348
3000000349
3000000350
3000000351
3000000352
3000000353
3000000354
3000000355
3000000356
3000000357
3000000358
3000000359
3000000360
3000000361
3000000362
3000000363
3000000364
3000000365
3000000366
3000000367
3000000368
3000000369
3000000370
3000000371
3000000372
3000000373
3000000374
3000000375
3000000376
3000000377
3000000378
3000000379
3000000380
3000000381
3000000382
3000000383
3000000384
3000000385
3000000386
3000000387
3000000388
3000000389
3000000390
3000000391
3000000392
3000000393
3000000394
3000000395
3000000396
3000000397
3000000398
3000000399
3000000400
3000000401
3000000402
3000000403
3000000404
3000000405
3000000406
3000000407
3000000408
3000000409
3000000410
3000000411
3000000412
3000000413
3000000414
3000000415
3000000416
3000000417
3000000418
3000000419
3000000420
3000000421
3000000422
3000000423
3000000424
3000000425
3000000426
3000000427
3000000428
3000000429
3000000430
3000000431
3000000432
3000000433
3000000434
3000000435
3000000436
3000000437
3000000438
3000000439
3000000440
3000000441
3000000442
3000000443
3000000444
3000000445
3000000446
3000000447
3000000448
3000000449
3000000450
3000000451
3000000452
3000000453
3000000454
3000000455
3000000456
3000000457
3000000458
3000000459
3000000460
3000000461
3000000462
3000000463
3000000464
3000000465
3000000466
3000000467
3000000468
3000000469
3000000470
3000000471
3000000472
3000000473
3000000474
3000000475
3000000476
3000000477
3000000478
3000000479
3000000480
3000000481
3000000482
3000000483
3000000484
3000000485
3000000486
3000000487
3000000488
3000000489
3000000490
3000000491
3000000492
3000000493
3000000494
3000000495
3000000496
3000000497
3000000498
3000000499
3000000500
3000000501
3000000502
3000000503
3000000504
3000000505
3000000506
3000000507
3000000508
3000000509
3000000510
3000000511
3000000512
3000000513
3000000514
3000000515
3000000516
3000000517
3000000518
3000000519
3000000520
3000000521
3000000522
3000000523
3000000524
3000000525
3000000526
3000000527
3000000528
3000000529
3000000530
3000000531
3000000532
3000000533
3000000534
3000000535
3000000536
3000000537
3000000538
3000000539
3000000540
3000000541
3000000542
3000000543
3000000544
3000000545
3000000546
3000000547
3000000548
3000000549
3000000550
3000000551
3000000552
3000000553
3000000554
3000000555
3000000556
3000000557
3000000558
3000000559
3000000560
3000000561
3000000562
3000000563
3000000564
3000000565
3000000566
3000000567
3000000568
3000000569
3000000570
3000000571
3000000572
3000000573
3000000574
3000000575
3000000576
3000000577
3000000578
3000000579
3000000580
3000000581
3000000582
3000000583
3000000584
3000000585
3000000586
3000000587
3000000588
3000000589
3000000590
3000000591
3000000592
3000000593
3000000594
3000000595
3000000596
3000000597
3000000598
3000000599
3000000600
3000000601
3000000602
3000000603
3000000604
3000000605
3000000606
3000000607
3000000608
3000000609
3000000610
3000000611
3000000612
3000000613
3000000614
3000000615
3000000616
3000000617
3000000618
3000000619
3000000620
3000000621
3000000622
3000000623
3000000624
3000000625
3000000626
3000000627
3000000628
3000000629
3000000630
3000000631
3000000632
3000000633
3000000634
3000000635
3000000636
3000000637
3000000638
3000000639
3000000640
3000000641
3000000642
3000000643
3000000644
3000000645
3000000646
3000000647
3000000648
3000000649
3000000650
3000000651
3000000652
3000000653
3000000654
3000000655
3000000656
3000000657
3000000658
3000000659
3000000660
3000000661
3000000662
3000000663
3000000664
3000000665
3000000666
3000000667
3000000668
3000000669
3000000670
3000000671
3000000672
3000000673
3000000674
3000000675
3000000676
3000000677
3000000678
3000000679
3000000680
3000000681
3000000682
3000000683
3000000684
3000000685
3000000686
3000000687
3000000688
3000000689
3000000690
3000000691
3000000692
3000000693
3000000694
3000000695
3000000696
3000000697
3000000698
3000000699
3000000700
3000000701
3000000702
3000000703
3000000704
3000000705
3000000706
3000000707
3000000708
3000000709
3000000710
3000000711
3000000712
3000000713
3000000714
3000000715
3000000716
3000000717
3000000718
3000000719
3000000720
3000000721
3000000722
3000000723
3000000724
3000000725
3000000726
3000000727
3000000728
3000000729
3000000730
3000000731
3000000732
3000000733
3000000734
3000000735
3000000736
3000000737
3000000738
3000000739
3000000740
3000000741
3000000742
3000000743
3000000744
3000000745
3000000746
3000000747
3000000748
3000000749
3000000750
3000000751
3000000752
3000000753
3000000754
3000000755
3000000756
3000000757
3000000758
3000000759
3000000760
3000000761
3000000762
3000000763
3000000764
3000000765
3000000766
3000000767
3000000768
3000000769
3000000770
3000000771
3000000772
3000000773
3000000774
3000000775
3000000776
3000000777
3000000778
3000000779
3000000780
3000000781
3000000782
3000000783
3000000784
3000000785
3000000786
3000000787
3000000788
3000000789
3000000790
3000000791
3000000792
3000000793
3000000794
3000000795
3000000796
3000000797
3000000798
3000000799
3000000800
3000000801
3000000802
3000000803
3000000804
3000000805
3000000806
3000000807
3000000808
3000000809
3000000810
3000000811
3000000812
3000000813
3000000814
3000000815
3000000816
3000000817
3000000818
3000000819
3000000820
3000000821
3000000822
3000000823
3000000824
3000000825
3000000826
3000000827
3000000828
3000000829
3000000830
3000000831
3000000832
3000000833
3000000834
3000000835
3000000836
3000000837
3000000838
3000000839
3000000840
3000000841
3000000842
3000000843
3000000844
3000000845
3000000846
3000000847
3000000848
3000000849
3000000850
3000000851
3000000852
3000000853
3000000854
3000000855
3000000856
3000000857
3000000858
3000000859
3000000860
3000000861
3000000862
3000000863
3000000864
3000000865
3000000866
3000000867
3000000868
3000000869
3000000870
3000000871
3000000872
3000000873
3000000874
3000000875
3000000876
3000000877
3000000878
3000000879
3000000880
3000000881
3000000882
3000000883
3000000884
3000000885
3000000886
3000000887
3000000888
3000000889
3000000890
3000000891
3000000892
3000000893
3000000894
3000000895
3000000896
3000000897
3000000898
3000000899
3000000900
3000000901
3000000902
3000000903
3000000904
3000000905
3000000906
3000000907
3000000908
3000000909
3000000910
3000000911
3000000912
3000000913
3000000914
3000000915
3000000916
3000000917
3000000918
3000000919
3000000920
3000000921
3000000922
3000000923
3000000924
3000000925
3000000926
3000000927
3000000928
3000000929
3000000930
3000000931
3000000932
3000000933
3000000934
3000000935
3000000936
3000000937
3000000938
3000000939
3000000940
3000000941
3000000942
3000000943
3000000944
3000000945
3000000946
3000000947
3000000948
3000000949
3000000950
3000000951
3000000952
3000000953
3000000954
3000000955
3000000956
3000000957
3000000958
3000000959
3000000960
3000000961
3000000962
3000000963
3000000964
3000000965
3000000966
3000000967
3000000968
3000000969
3000000970
3000000971
3000000972
3000000973
3000000974
3000000975
3000000976
3000000977
3000000978
3000000979
3000000980
3000000981
3000000982
3000000983
3000000984
3000000985
3000000986
3000000987
3000000988
3000000989
3000000990
3000000991
3000000992
3000000993
3000000994
3000000995
3000000996
3000000997
3000000998
3000000999
